0.8205421251799649 0.03040350606526565 0.6793539743766493 0.01746924304471753 0.6152045133650491 0.47248873388535984
0.24591719235519893 0.5333130814698706 0.3363895332554363 0.6755611028567025 0.0007957648459336886 0.36852851379286855
0.6982378506148949 0.4315679387447303 0.4724428698293974 0.8950050654476779 0.7152736761550366 0.6574137978513337
0.9906394545422096 0.459504987728134 0.5774918660070815 0.8418433656837289 0.2928109878190277 0.668160351373294
0.2715265257090105 0.8428451404427252 0.5590973387581843 0.11811750786299036 0.9814212965868311 0.010644344267714101
0.8346248671678691 0.6814807024933618 0.6001254527388502 0.2839487260745175 0.8549305274363511 0.9648473073623284
0.619756106612789 0.7925615027849674 0.7481415001752659 0.9638538462333172 0.9773917500376869 0.5746270861562386
0.14794727830171372 0.42139678049746543 0.9872148707152759 0.9002755130388395 0.701354995349231 0.9344751566602468
0.8169587299159811 0.11238969122335496 0.3596828467544475 0.7435250001776864 0.7773369865642118 0.3399811293290955
0.06741154190061804 0.2890796555240509 0.14625514828442876 0.33251667002860763 0.7203221784854243 0.20642488908722212
0.7128751944949349 0.9286068302252709 0.595473530676122 0.3816655034397053 0.04106114964654839 0.06135068723805448
0.08458177014530299 0.09211707731102803 0.5771022031469284 0.8651852259924236 0.00806826103474556 0.4404052527968908
0.8219882555094188 0.7517043142689841 0.08581584801107489 0.21541997654868827 0.2896308999155127 0.8512523862267974
0.02923551005413816 0.8457581463512265 0.7750736721885917 0.15970543088162925 0.21414677348366518 0.41600593747219616
0.35356005885525654 0.49118177825602904 0.5521490821427625 0.2514019796895305 0.37168994763700836 0.07894384766962514
0.02810931707985742 0.8062941974997154 0.7475915057176299 0.9644065914273112 0.46581496350355955 0.5210516652274214
0.0024754182437886074 0.17920569156983823 0.4006485952615131 0.29267185872411583 0.08593469206282933 0.7779127715322476
0.43043674944313615 0.6496820376182277 0.2268771601211691 0.6803165414729543 0.05233729684034438 0.720787717740551
0.4578165216936634 0.9635633759947944 0.2370120861015379 0.5953269120014594 0.07610971685598478 0.3762647175982804
0.48089244540888076 0.5536747425521467 0.23708484818037612 0.9620120426396271 0.44498874687693557 0.9110440159723093
0.4893528254002232 0.7159136915950376 0.271775954870058 0.43794195874175545 0.6900377773935172 0.003564431254768241
0.5011301032003385 0.14929030347215688 0.41515110993759463 0.3687177919689998 0.6393722455994862 0.24595604271910965
0.051299099361229894 0.9472421439880943 0.6638421742704775 0.16439558472688165 0.4715952100938501 0.513848578182436
0.23568091562343585 0.6193877661460752 0.9652529243300378 0.053190386724303096 0.46058979747880213 0.8439242300137632
0.5277844865453394 0.5655029799731514 0.8500560381773113 0.0417166946669818 0.9035837813402287 0.46808851812291663
0.8371783543158164 0.9410753944871803 0.9593949809335494 0.5031343200936856 0.26605525316059 0.13119118673051733
0.9844176797991914 0.3816660381016598 0.31072893554176706 0.3829509391991567 0.3514065116563535 0.541910399450795
0.38528767717278745 0.8669735227859562 0.636752199070601 0.9468599303424892 0.9162061135759637 0.6044579146161881
0.5941081787580977 0.9633341290256505 0.9469858116134006 0.664532844020149 0.09467785919161453 0.05353360209143265
0.4174074691193361 0.2054466689580462 0.9509186855187417 0.00776293670363426 0.6905194925002255 0.768223592832284
0.2586343907891123 0.28774402250130016 0.9161320317345749 0.9501953746551326 0.588311202545089 0.8972192918663828
0.12759321477591612 0.48149688410781444 0.3263957484917376 0.19184644366821035 0.3908839881012752 0.6997984763956867
0.6493370856107205 0.46493168539141494 0.23655643950285954 0.8497903821343225 0.3066587101265221 0.5463892620795607
0.006675713857323018 0.10764723831991363 0.7370451105503976 0.5714640758069068 0.21111335637793915 0.2645476306828737
0.10938348687334387 0.7953476048783474 0.8172920725562899 0.6208207002384267 0.37830979419121735 0.1729947840173719
0.09832931485052487 0.7922814507263378 0.07506580831519327 0.3059547721072191 0.8980601790339944 0.60974843418304
0.6687214372506198 0.23015276147555852 0.7261185727443331 0.7276835999646264 0.8416484578581824 0.4071742854368351
0.30893023702706046 0.5349199813286475 0.14171028031993016 0.3271041244688878 0.6599734029673631 0.5974590917662306
0.011873384890458749 0.7474129820034506 0.8381386712533174 0.8752080676509736 0.9554996316716796 0.13146264999247437
0.3733083964554128 0.8338376573695465 0.27626456306855496 0.18806794137281535 0.13330437125633388 0.3976342353214074
0.6072096537155819 0.49668284783701866 0.2554991048128855 0.4087800475658051 0.23505046030366283 0.9538393300685015
0.7517768623772059 0.7791805085522853 0.19655376001514635 0.7314502515883309 0.46235536817890066 0.5842316638682884
0.23022054598786934 0.33965793573981207 0.1409107956216743 0.22235701266317986 0.768214033957956 0.5285297532585574
0.13231359445213609 0.6433228233075737 0.8719296147055388 0.6949771044082915 0.5159868942702454 0.1923830079987866
0.6618504310018063 0.42899102199347594 0.861686170027112 0.07165318396142129 0.8172349511357728 0.9750158912664482
0.4110948358872788 0.2934894800909289 0.3997766066081939 0.4875006457800334 0.7779063718446781 0.8769816134741013
0.8944351756291637 0.7989417782186413 0.11514789538934689 0.033558301214895336 0.44914298393423513 0.08281208191286638
0.11438196836897319 0.5786381142844613 0.36376821546488236 0.6941788461219252 0.28830404564749335 0.9331501137436762
0.5807078106760227 0.24183298635320838 0.9483987551199115 0.9428029560302922 0.9538850051197386 0.029766475501588396
0.32439799468367336 0.36209397208570526 0.9725382678922175 0.7962841184088587 0.31902442849364565 0.15029544811967854
0.6155962528367521 0.10420999541831621 0.397895801873266 0.679082109611963 0.8207365609727065 0.05952335177454704
0.15604167280387837 0.6327505536768003 0.5249373980853625 0.5312730691841038 0.5053254534633939 0.7782255503781051
0.23784621767797476 0.9490663025810215 0.42244602458322345 0.7269259770965264 0.5111669869198269 0.3036883713777453
0.17391469953695926 0.8048583123750459 0.46896435246442014 0.6052296103925848 0.3522136376391136 0.21039848360324742
0.13188561598382398 0.9621005988316956 0.7480956487377631 0.060770443688735964 0.16699370057571983 0.9763861387933112
0.1039268439195411 0.07318423912396588 0.1449386466219783 0.041348301580787616 0.5483483411029323 0.8386402945156275
0.9533196346503052 0.6095031987883744 0.6346881042438546 0.06815215562827304 0.8735524491543089 0.08095899853131094
0.7183214826729022 0.7282602453048677 0.6353127264077035 0.8975459830895947 0.6177601771161624 0.4137622080079799
0.14276976254238505 0.12714264850905665 0.9867558649069937 0.5817740614922791 0.22972763709378685 0.9919373992444195
0.3530989991596818 0.15744715024489708 0.15223440878703864 0.9613858353800138 0.17215802838095506 0.9869277533332633
0.031145468409271015 0.4793629211032131 0.23115566904898155 0.09279210175766117 0.26434421434725053 0.57627855581231
0.8202370878899676 0.2823383951405829 0.8555881151159385 0.6593805954223423 0.0028895501923418276 0.3340415743332449
0.4354103027773454 0.46308356774939774 0.8166562210962311 0.6428769004411019 0.7927910290287918 0.527864859726159
0.918625395747583 0.9298922897943297 0.7259277797724525 0.42834721286656685 0.42708433342343877 0.05458873850575785
0.7524563797354928 0.7008125709963977 0.053929128533463655 0.2265095756676616 0.9372761617595725 0.2950979724803152
0.2364069964308121 0.5418839466405466 0.5748773291665796 0.9605567290637155 0.35613922143637133 0.5735540048995936
0.46700886193207225 0.9940099710233239 0.5457515981970318 0.41527602039778655 0.9648487694397642 0.4122266293349903
0.8973271727169878 0.5760142002708412 0.039633145728552144 0.9463138769481926 0.2980758047230585 0.024194117269814464
0.5343627705126806 0.22360253421751852 0.17163508920339332 0.4524563332705607 0.7551067196016992 0.7863280610961803
0.46111899698660597 0.8843198768768953 0.20785468092230985 0.15147281110211608 0.5708141105007527 0.8855335227504526
0.3467723150239824 0.6595174555980536 0.04379353263084307 0.18859834599338332 0.26881724073387814 0.07811215703694441
0.3040935381469144 0.8183060764108098 0.2646089683900943 0.6979838739442367 0.34095830698531726 0.6332857841403207
0.35488531472131957 0.3372758697586825 0.49617353170330714 0.17371137798378677 0.4193722735587886 0.9955787938385147
0.2758657766165824 0.38053466845135964 0.043959996301054294 0.8795506449638222 0.30916255391329683 0.7145583642766639
0.6072167289383789 0.5034871052188262 0.41366129107687066 0.20644757689508098 0.5492558567018679 0.8929564910105401
0.758802339984402 0.3078136973371257 0.7230278891264655 0.3035022932376876 0.50049247004751 0.8978581442123773
0.8938781485722564 0.7012960250522218 0.29856709333862264 0.7657143534665274 0.49366416928493306 0.39321522390826114
0.532154411481984 0.8052097193443483 0.3845009911336764 0.6255835928621973 0.12497090024221524 0.7637381971755695
0.9399647951505924 0.5011614530651032 0.49696174459039966 0.49787068432855097 0.3259699704974939 0.9131818453302916
0.659603545244883 0.4358154093009139 0.3557113021014122 0.6365226305132908 0.7664173689385013 0.06608778292832629
0.49257627197444864 0.870012735388578 0.43232150130811076 0.30595810355318176 0.43647218307580427 0.7415765674158113
0.32031248796767897 0.009353082257786971 0.3781212241668961 0.5145722647362871 0.6057849880227417 0.29212487429180756
0.31677339382778924 0.7095391081278067 0.7459591381602116 0.5473992888242795 0.803215855092453 0.1980195814898127
0.41313838010530524 0.8480714023375256 0.6560237418017667 0.8972714059870252 0.7530711897125492 0.6203891865578909
0.9514734722102023 0.9849291743968202 0.4495999975299655 0.19198602755447414 0.1288122942110812 0.8575035118333432
0.3159795077517741 0.5554081742108358 0.2777026719650272 0.8836960880526208 0.08216417464452197 0.35229106224959883
0.656398115077232 0.21676810018115988 0.30691692205290366 0.4314163892795022 0.9862427777386856 0.07662356301623185
0.45365108791485154 0.792183360570561 0.19873535150949528 0.39340482565774104 0.23284978925234368 0.22724161589107472
0.4839084037626735 0.8171306242265283 0.5060134123898073 0.7693170778466126 0.149642992392498 0.540651356277408
0.34916174625238716 0.5251975549300156 0.6705780992124931 0.17201679394659475 0.5699056200557492 0.3262439134620243
0.07343165896399861 0.5140991616828301 0.5501566669323734 0.7142440382525845 0.7435588264816833 0.4509754351115258
0.7766176842966278 0.030039191301880708 0.9941180828068131 0.22759526126631136 0.31598182066181724 0.28684085442291885
0.007956154971557994 0.8347034796776794 0.2693183506781487 0.9102755909985012 0.22344858954961655 0.559850382631071
0.21943074181858402 0.6252895743900585 0.13349358094677866 0.32687748268263217 0.4902094648128431 0.790588560049134
0.4382599238259134 0.25851702969743895 0.027764690485366672 0.914762345197805 0.1489817837893005 0.6531511899332763
0.13518167955059324 0.39791716767394225 0.013149229273622942 0.10562297752561389 0.8552553891432113 0.26369394168233684
0.8429009239269101 0.599751458672959 0.7634533448716615 0.8395961482138592 0.7379189602281673 0.746032955748467
0.18456879989220032 0.21643655160883724 0.4673232951840609 0.12291147593082641 0.7946335076080591 0.4720708193211368
0.5820663822868715 0.6106594119408834 0.7320839049063665 0.8914008132013967 0.07880697781889845 0.5975841180917582
0.776987039540198 0.6923928554222817 0.2807334767273153 0.34931227298579104 0.525616750824451 0.6492576922312194
