0.2343122386200921 0.5212702445202805 0.3162773826560351 0.49682608258731287 0.9610286723108916 0.028930042260363886
0.17593471832062757 0.0968495003539821 0.024580355137449494 0.21057193088982185 0.439240870577992 0.1978752993276498
0.3506070193233606 0.3037984685490648 0.7110271879075365 0.9381353105545235 0.8257962055287046 0.3321879189211805
0.42665379271133264 0.46404950547304435 0.7978250580361792 0.09608314750228941 0.34240306070056015 0.5854611065026036
0.944871525825648 0.7819625304421858 0.43169629902651174 0.24702018382337065 0.3139708360720339 0.55845959207781
0.8270861104750395 0.7177413455607558 0.5425998699870619 0.40281983470643246 0.5514430451851872 0.869969245006179
0.15079924919658283 0.5596986029876844 0.4095725830067123 0.48144677859184926 0.766694825813622 0.8812709683108177
0.9795125555020975 0.5396949859667514 0.23482437743181306 0.8223095737261906 0.2770160699031129 0.6577735936895237
0.49994245068976306 0.5308065525270926 0.19252961726749995 0.12005448340953251 0.11001282285850178 0.29582117768928906
0.29526919988231304 0.7271765437384323 0.09342256509911473 0.889791300204486 0.01716440514329276 0.3050506493584748
0.5372508429296692 0.7473871216489985 0.732011982288555 0.6627292347235806 0.4139065090241886 0.22995944413263336
0.7827711204439743 0.8479694041003893 0.15474103990746602 0.48339612597508075 0.22714679659364378 0.8577060320580623
0.7515637958597874 0.7571078683722745 0.14122555859393338 0.3635386230731522 0.25138315902633634 0.4860957705132639
0.5342494912188795 0.12915506591328163 0.012263078270915662 0.19216419662119488 0.9596719901498856 0.23281384765057034
0.7481826823643281 0.33495076605798724 0.28776336302262384 0.531742370343847 0.8927960404862263 0.6412447460045114
0.6913468033189775 0.5486028366074214 0.5385180454064978 0.8360001270882192 0.7133000410174102 0.8485851568055023
0.7957822079776826 0.14425540125943426 0.6860985968871107 0.15686536093685843 0.4032295621665908 0.6805250382606208
0.5890924881753463 0.27130022795620024 0.3493861004373444 0.6401998748494228 0.903606570584336 0.16888228827885698
0.3323065974977004 0.5153888223790261 0.7105730457625682 0.924257117306828 0.40102265185389985 0.5672308813968368
0.5984205441106071 0.644526173417526 0.6391611207663824 0.285880634003998 0.9061299539340534 0.4633563989840892
0.392484796816551 0.9055258663254538 0.15936705292104814 0.5020889238547221 0.921982741925023 0.33801585679660884
0.434298645031316 0.015189738968306998 0.955628897275848 0.3288052037639033 0.131317982798131 0.08306334588351583
0.396704007603618 0.5061028366891119 0.8679771771237896 0.846857038769664 0.4706395327685139 0.7048930018635001
0.7180951456616032 0.529355092224895 0.03802604435928747 0.25669998530533245 0.5078328806498933 0.4203694863165657
0.13580063870989 0.12200934498607885 0.09032288744243888 0.588827198633996 0.31586665606674513 0.4769538794163639
0.055153089641993724 0.43273694655979633 0.14010489812320182 0.630291605965098 0.8969882969040616 0.598212048149221
0.93175114928608 0.40518742062484236 0.3131330946255281 0.26561358884634634 0.9308402716688375 0.7560030027057865
0.8168337809149913 0.555576206055887 0.31684423636989334 0.5878154097929216 0.5835575222381163 0.27942680126135244
0.21463849881389474 0.8354927111317334 0.8536811946371863 0.06295256499438018 0.6013749958147467 0.3792816783872691
0.6596007979965459 0.24025873286193755 0.7177446438495365 0.08843885395117934 0.4340378787197037 0.652258429387454
0.7836914529787081 0.4568244095114541 0.5787933353043097 0.32590244078822694 0.36758123556432787 0.06805466300840568
0.6567884116481326 0.7151795934315583 0.4077980482950184 0.5262710273458017 0.05569954729696647 0.23242228810973575
0.47476825345095364 0.9635098565179507 0.08547707813611904 0.6422375126835258 0.44225415976782534 0.4807130594536324
0.6033259641089803 0.8961414453434318 0.8314553844274105 0.6971919984856972 0.9764417300791517 0.8040341279204862
0.534820349765986 0.34547321697741484 0.14582634108483938 0.36137794004048407 0.2639605410399565 0.8164053300854022
0.9731454597972622 0.5516430637415094 0.7965610343676379 0.6323580949127413 0.5483462608201416 0.520369129747158
0.7742287297019309 0.38101267014019735 0.9767944276107491 0.8913282043634747 0.6333933284025824 0.15752376329837992
0.036936027265425886 0.7018619708983227 0.7404695330872278 0.13369379966860473 0.4770927333867463 0.9705453713226113
0.9383676149363207 0.26757110001540874 0.667999880697278 0.1946749144778427 0.6119580351456327 0.960261051120061
0.011514372137790607 0.2864430501109445 0.11849331351416359 0.7421872377350744 0.6614347328844585 0.3534613046089067
0.624828453570775 0.5639267730288252 0.7829125873284689 0.28172704172098395 0.9433416428053678 0.289920209836965
0.7494499079803089 0.2286822865567193 0.8679817310766578 0.9894227049703571 0.32339796889633077 0.514203604373026
0.006909334851008975 0.6568837544271755 0.7428424221271873 0.11039069854230199 0.9682431899577548 0.9092429287327672
0.7602382588138182 0.33379607085295737 0.8178753657100171 0.8272862561697344 0.6236084176213578 0.6459372362434185
0.037432366834777575 0.4081746634669319 0.8200420384077057 0.4927160048991177 0.6156734678030229 0.3028399223138317
0.9427708902602498 0.3930624607463613 0.5814961678950601 0.7503548693784012 0.024260783882164016 0.32503233527639186
0.8376174118491369 0.5333376440357765 0.7078066653328338 0.0444471728585335 0.16099351581017496 0.27047830155367525
0.48957760412912743 0.7343157898920109 0.25242147447716745 0.36987370280863907 0.5023489168285342 0.42815228605902833
0.8560872122587196 0.1125459552606255 0.7872832289052405 0.2057381130744993 0.7748125798509723 0.9251421826805262
0.46914233805361694 0.5148365072065191 0.7457213350187832 0.9524590259578539 0.25176761635291134 0.9850063322634544
0.24964904158213208 0.9458530440661927 0.7715897687706891 0.3994393487246489 0.07915654032229402 0.22910624650102973
0.4496296623981273 0.6930151557672144 0.24361527165095276 0.5555818032019083 0.24958156735172832 0.7502926175102417
0.5245559001109025 0.4256334356005246 0.7578846923740621 0.4467097811943892 0.4265524910006412 0.8013218170322848
0.4179513131510364 0.77096968244867 0.12905008047640976 0.8555825479058748 0.345934322745754 0.6906103294798084
0.464500518110774 0.5073720023077366 0.8839368089800298 0.8711629877139215 0.5253954089752917 0.4548371400903849
0.03980692300222988 0.9251732903799321 0.2695604991815995 0.9621812103549311 0.3075397895087095 0.24150624059149473
0.5530591319216822 0.8575363685338302 0.02911465116095857 0.929488649358675 0.8798471299080545 0.22611009252897474
0.5518067180821087 0.013491264186715313 0.894524407533325 0.7009858009404022 0.21688330704685765 0.2702429240267481
0.17760032992520114 0.3085114134496404 0.03751707717399455 0.4044101006173271 0.8864756830744513 0.03188335665638442
0.7341889777160909 0.9137227684878199 0.9523410633499128 0.11344366162984676 0.10349641263091258 0.5504908847100788
0.2465601972213639 0.1922083721076272 0.8483478733521558 0.9852332960094167 0.4593480221253855 0.21905200324102436
0.36049264938468206 0.3688418925286131 0.9085974424567759 0.7046196124910096 0.9190818088938587 0.16558385070700388
0.35662562478135174 0.31469630749708244 0.6704777761946132 0.8346989749703911 0.1536610373566616 0.05358799182773388
0.14182788878646546 0.01626710945517007 0.25166990476689144 0.2969062805306344 0.598476407266628 0.9672315952047386
0.7385955099620609 0.10472759961584399 0.42736926233130135 0.5046748503457348 0.04437215072059075 0.7994081793211522
0.18198507235036498 0.9239796295286 0.6732180951324632 0.44060747708055925 0.7526782269316984 0.1620155667951595
0.2276320533405397 0.4608596135921177 0.4750834269616254 0.2798285033065242 0.5853727783906785 0.6636468504121267
0.8464832706654369 0.9455226117949252 0.9333353524561027 0.5431785278989403 0.931241543315846 0.8393435620707783
0.23032337971014372 0.15670392592053584 0.07657093962345118 0.8053770668790544 0.5395258609314344 0.1625621873075337
0.0203329261000762 0.44265628136549384 0.8093745965800281 0.5760971791640203 0.6379760669013024 0.9197524245870433
0.9037058743459224 0.7149390632908483 0.7683948500923125 0.18295719047134862 0.6714600870215697 0.9047127618030716
0.24256234113555641 0.3594578037861397 0.24603564373111408 0.9711824502240153 0.7445191885409108 0.6216633875065334
0.9446008656278637 0.416464773123129 0.8317852747129624 0.263054681691018 0.7610632402979918 0.7204700239460479
0.3866340379397464 0.925775272963172 0.22290020200668947 0.0872635013085622 0.9488704409237593 0.4516202011238364
0.5949695958933 0.08531978963962183 0.12965938200376181 0.5805825373154623 0.19940882888523148 0.6513956440428395
0.2563582523715785 0.934775968392783 0.15670779271444724 0.6802077020152416 0.8561735435775134 0.15555638000241645
0.8417324454058923 0.5178151663685254 0.4143276268825259 0.14307590094864142 0.8376036664989971 0.3913734066582536
0.17501680297850608 0.177615690655736 0.08280239449343207 0.5618338342305812 0.17489452255898275 0.6910814888427523
0.523311084614662 0.41000195989825516 0.7601670290967919 0.5662463329151738 0.4722270404974901 0.16383555007457495
0.916720056821309 0.3496879938830798 0.708283883372685 0.8369643772488562 0.32887843170434483 0.7334704964718866
0.9193580494767057 0.5877620964951024 0.38716080351845605 0.5335459989590797 0.8404890204656386 0.6291722713600285
0.4327543529667055 0.8669305266224946 0.07940212105543698 0.3482660665535172 0.2717952317910485 0.568838237528772
0.7263681633970616 0.17646968045257894 0.7816736024963751 0.9091778522736639 0.9985214910299111 0.13040742404197336
0.16542582103475156 0.5658344203513939 0.09892619484981147 0.21757910898591282 0.1455045236576994 0.6193661991675341
0.7979168850269991 0.14018715242969781 0.39625760360793594 0.44676466495492284 0.06266712832881127 0.500677520413325
0.655338103760137 0.5215706645050812 0.8926690688039575 0.13159924362928666 0.8980786859119643 0.16908494594302992
0.9711709678358204 0.27360271381566825 0.49057919854217213 0.11922100873685515 0.5843062209075753 0.02437524170112637
0.1357570741356534 0.7938732205936584 0.5250011425524708 0.4253044210301271 0.024693660230792003 0.9582435330242054
0.2688674931122551 0.009199373250475928 0.5649030242228741 0.5853120965282129 0.15923562787989787 0.8692566902525772
0.6530256330616924 0.28080351510677537 0.04938641751879258 0.748151601884379 0.8687529833430369 0.5686332706167412
0.3852280047013735 0.8131739363845049 0.7414737722645092 0.15941326732843963 0.024873882560250693 0.7614853041488413
0.23603590122645246 0.7568070666439023 0.36368194215714567 0.6397980508367481 0.9835966389079495 0.2305465815269203
0.22201340325092778 0.9101251991952403 0.13520881880037716 0.9685644274586293 0.7448505737847998 0.607289570531574
0.33808683777306303 0.334940924694483 0.8975346272689912 0.3084397828997937 0.5880254039937551 0.05907810927536883
0.03829793353699018 0.8688881522097435 0.24579845388803878 0.2766099445152197 0.09601651220068508 0.07513236907700294
0.27667409006062527 0.5161357891206549 0.10687406892631668 0.5466510122556085 0.28661252652804325 0.5197109415515363
0.8040110622401028 0.16255385382892906 0.20207696724465984 0.7953831773138649 0.7089181093222925 0.0707063327409948
0.8364298422082135 0.9206149480503923 0.45584810231360373 0.7466677026787091 0.6888608579457909 0.9981231994094911
0.3251201818734055 0.5372227408057936 0.6889396645802573 0.19880252900374362 0.15976574325727366 0.6716963065569698
0.28096158713223907 0.9541193974534097 0.2361427858906444 0.8139571533277753 0.6385544410471542 0.27519354094053317
