0.9722455121617937 0.4519622152194457 0.48135382553962003 0.4031850966659668 0.062366498133888504 0.7303150450051988
0.3582292783828537 0.2601303067660502 0.18557860901798717 0.8829302489742213 0.20681904890983882 0.3716794803428919
0.07775706223212342 0.6610562782627463 0.7445490510407061 0.5633525728181299 0.4889694328589359 0.18072084886868156
0.3065771314545691 0.3520329941167277 0.9181674281656563 0.22259667090420232 0.7490118573109602 0.21553746738829116
0.3433450818860295 0.24017173918314494 0.9249249778528935 0.06034585084150612 0.6358095695975613 0.16493474436548083
0.407959092071549 0.5603768011588662 0.6926913253910952 0.02830136163509056 0.25670023651251095 0.3948031066084742
0.6034314663960554 0.38406599336353575 0.43162841933945295 0.6608464090538787 0.15943408071131604 0.1468807350797432
0.429231591066054 0.6159651313763 0.44074966475954014 0.15697954656367996 0.4596990060604653 0.9939703081260657
0.3150789255811729 0.39308424746977955 0.16759590057823393 0.3375070365504932 0.5755047655702812 0.011366048201452594
0.9770173012529445 0.6998460866192532 0.9627647701303232 0.9825310963585697 0.7586857085316417 0.599597222834375
0.22485092276214957 0.19899270661278756 0.6419324495041593 0.1761396807445227 0.30691172873285144 0.8655279786457462
0.20734252163962086 0.6240996336707076 0.024807952374698017 0.30299451192737914 0.31007356575033673 0.8306678304235044
0.20504047971308925 0.8743040043897914 0.9967921608101907 0.37902414973595966 0.8296971624972972 0.8296200199534918
0.733766838148599 0.06249098252629948 0.8431008875316868 0.7672432532684196 0.49182121176804783 0.48228292088776414
0.8773260881426963 0.7469980175083647 0.4340193223330071 0.9654358129917839 0.12681812485947197 0.5500197896888646
0.6438407191284777 0.5559861689699543 0.5930562335403261 0.7347094687053652 0.9237240559230618 0.1590075425763554
0.34939021239103096 0.7233783238474848 0.5471147188293802 0.16518811016550616 0.7741801011850086 0.24702916609369197
0.7727779658910674 0.8780200621674259 0.9280643749892099 0.9725411705498117 0.3884704857812674 0.22271682688643213
0.11985732040326647 0.6285150464490169 0.17807971238517983 0.08333210169864258 0.8297194964598923 0.7725817641879079
0.43038330280164405 0.42261304959999424 0.7807971450785245 0.5799835320776034 0.5859772297681836 0.10628780627977286
0.6756901880759025 0.4962512999426051 0.7650718149800267 0.5590208204372034 0.37685347539464065 0.6838697876865016
0.27946851210720214 0.9067761821098917 0.19967937043304618 0.5695423038309265 0.06051811759693315 0.9373917214082905
0.7866969370319681 0.32383663497813653 0.23503538700078463 0.6248709580450789 0.059667261550269135 0.49530463714960626
0.5969827556016074 0.6339246344805964 0.14715929070085743 0.4544228465880775 0.6118710117201382 0.991267635484607
0.7172572762277032 0.43003050558179157 0.6362166857121053 0.5929168374973944 0.6626772821905866 0.15967384313400756
0.14462094278741855 0.21721749600303686 0.9554515797897513 0.09926618960722311 0.09081416643582307 0.18578697625090534
0.3008025378099355 0.5487346317272213 0.3379465914930524 0.6421704099290173 0.6288022407352214 0.49273618167448263
0.012005890643348893 0.6373267926812233 0.9955515344271666 0.8115126704541156 0.9483616811557383 0.26314365440526866
0.14838591393736178 0.2504716132445346 0.23322814712574536 0.7216565912756883 0.33201070215820805 0.10783485349810429
0.2705597283803296 0.9476377085109655 0.9147281372772647 0.7040055709063184 0.059561748980557994 0.6988614048429171
0.1874138251437707 0.1450954451421902 0.5279622660667586 0.6654151605799284 0.22129577577729043 0.03100466738809604
0.1596146861307024 0.37768358682566905 0.8737344134486853 0.23565882696017937 0.2379537794109785 0.5831783055200886
0.49750810834648507 0.9921087041709284 0.2933867819151925 0.6393112929748905 0.3767891824674692 0.7906343591300159
0.3745172865043067 0.5359771084859251 0.5011431271008041 0.5558332882285558 0.3930123633423127 0.990550890925643
0.8760717704321229 0.41054678094088604 0.38063985393787536 0.7118046918872342 0.16578651877762118 0.02155692563056122
0.6398834876430972 0.5978849231128868 0.5705942123602622 0.8971705300540816 0.49753446116610445 0.16599192632708837
0.5635464263766647 0.10623333916958777 0.00499318472852095 0.06421190796824139 0.911791180251206 0.878134065147118
0.6208090060934857 0.7847693078420002 0.5341889349328143 0.4207766489055642 0.4909294003999305 0.9974021379290635
0.5856775278530953 0.12339022673679823 0.627174515536787 0.5260843976046499 0.4612517574225029 0.0026764948356096108
0.9778213306705956 0.44635422910125655 0.500775450403954 0.06488356053228561 0.8350017434176863 0.48880845574259546
0.7417943714653776 0.5588627667986648 0.3609132548806211 0.18082752902052712 0.8537538974709881 0.8502482042144963
0.2608382653085153 0.08588336679472663 0.09818620499119823 0.259535016865202 0.5787639624418908 0.856481761834252
0.9785841425273534 0.2930406100549996 0.01798914672053009 0.965046439565706 0.15779412941224713 0.5520463741183861
0.6835399266490987 0.7888427776470631 0.5479797993293865 0.22996658925800206 0.15365998508722312 0.8490900285733394
0.5256310381768738 0.004235430373347282 0.953623123694483 0.11497012949637053 0.6523296592233783 0.7941182583278105
0.618372589742866 0.8043930229448674 0.224075881961592 0.9040488563111575 0.4244855637100383 0.6937260531508654
0.5769380422696726 0.48228916651579756 0.7516252985502662 0.3425439518230565 0.15545800474422045 0.6744379825315426
0.6910242517053831 0.3079789769915907 0.8650332478534215 0.4319423320328277 0.5268646018386113 0.728531990621192
0.8638123369828465 0.11355544114701743 0.6577986783715217 0.9352987125968042 0.27102029144239514 0.9275991477138226
0.7631223274738702 0.34039517110088013 0.01127852210706315 0.7601469889591422 0.7435869820848519 0.3022070054911983
0.4772226438100693 0.45160602450580833 0.04789217485305297 0.6054969098686072 0.5204244392065944 0.8809350134308063
0.7801772588680048 0.3692827914504837 0.9125007785072747 0.5530694957533253 0.4468883319612309 0.9540366334038225
0.7338874262013204 0.645884709640271 0.7007705095860113 0.6908420370901212 0.7993871185648423 0.6254405605197835
0.2643820099766273 0.18420545212620476 0.71441342680606 0.45383262258644375 0.5122462292937048 0.4020693647456822
0.4970051138166063 0.5797518366628927 0.5099808757062949 0.7703163598241828 0.4755752775564811 0.09563924657775347
0.6821932660040783 0.07595951079384033 0.5682320711519155 0.7914810681678173 0.7022064052895933 0.30494318207135185
0.9984508578325677 0.2689772555337512 0.11637849381937182 0.8200325105247663 0.12121833704491836 0.17531152482759615
0.36454744473580825 0.3515125075797514 0.4838052993693024 0.6283317949952711 0.9673491169999388 0.8995745434831905
0.5924598485439074 0.17336699351009488 0.44791764326195915 0.3997463053189203 0.6181930277088316 0.4719274441815996
0.2207041865688245 0.8296840498628195 0.8139140761851485 0.8954228752358855 0.5419938503890938 0.16192707563066167
0.3224970020507738 0.3517630053683456 0.5138568219867019 0.607487771421751 0.6713762511824372 0.49355785571454647
0.39616406225299294 0.36244531974423944 0.8165997013402202 0.7151331463540607 0.685898494956594 0.44107977376772944
0.6209820626571068 0.7815222497621801 0.5246664327364085 0.845194588802643 0.450707473643959 0.9189551184252577
0.32513185027854885 0.7724576645286823 0.5642194775995948 0.7772735089988284 0.04783604335066405 0.73614834051956
0.9470878484100426 0.6703079861553202 0.9515306228800368 0.8814692410225099 0.9683287520052112 0.9591339366180834
0.6555581584215796 0.206786622315696 0.12907078071735056 0.3139762053615033 0.3586755567430002 0.8436626029268
0.4357095318377777 0.7824178279352312 0.35978002356804195 0.7105566761185022 0.14204436986726188 0.3102497040411921
0.09993922569525449 0.4916985078133955 0.3568418740722634 0.6319242103278808 0.06471223036192753 0.17642756809294036
0.5751624009197364 0.1962332995137639 0.31706073824953884 0.6805062893167064 0.39457582822298487 0.27019955321205347
0.924190202775174 0.6038687870312904 0.6362326911233345 0.8473160195653392 0.9540344094630135 0.46663335782596016
0.4392090817889722 0.8109633896826612 0.13991834220567023 0.4482499726235267 0.28327460871248455 0.1349010060612056
0.02950976846728548 0.3711569092619359 0.7729804456028524 0.9939380516768045 0.8001743188029089 0.6150389811459436
0.5852735999586922 0.3111105618386011 0.6757095811671373 0.8227635268947076 0.6882836475738416 0.07579709106734067
0.34667509281369724 0.06168191294368974 0.9488336804462892 0.443321394894987 0.6512060594712323 0.09160049407768522
0.055131962494996745 0.2235440494954426 0.03593228191056452 0.437784682063175 0.714710420738782 0.55447374347333
0.1308488032528624 0.15636577598548362 0.886333237760994 0.18155005211103692 0.5238989345789609 0.6447641362744576
0.47317031156639744 0.9663030953570224 0.9794163753162857 0.6123182630704952 0.49418958408222613 0.34145933695741015
0.7398255964977459 0.44348564328781526 0.6647360342494949 0.7109576384947748 0.5896374703915577 0.6992164481800663
0.45954933259564956 0.48196913207835 0.8329703310937535 0.8959458773145039 0.6344980863694791 0.7723233100222304
0.03482047379017139 0.45354885729785555 0.4549424925346338 0.7996333693749409 0.7926427699489025 0.6940866030640671
0.7395538159799253 0.3780801379492109 0.11298933859497118 0.9749213557034101 0.8631796709488502 0.1221970618088295
0.16434824935502146 0.33956275607885034 0.20791051220479884 0.032123566554498884 0.7218441527832963 0.17503890976256242
0.2286510387420272 0.6090517117658661 0.9940799536261192 0.6172873405893026 0.08370328924702874 0.20827567233106925
0.8988609171634856 0.7817345052120922 0.5214305341069169 0.3413144657970564 0.5779511905313822 0.40518693884467605
0.1747517282684531 0.054848098501477205 0.2786919883758572 0.048298273980885376 0.5358648064559071 0.4074676787437955
0.4045020720841146 0.30102912763069933 0.23124509309768593 0.09930557388328776 0.13089321055333003 0.09386362927477043
0.4349457157725328 0.02037560704269581 0.38166235541208493 0.44752027002452877 0.9343919526096554 0.6385907359982889
0.3082505936284812 0.2681168436132484 0.5049194329742239 0.870931864046838 0.0741968752384976 0.5503506492766335
0.9368167890235446 0.05384656036426627 0.9023064790906329 0.9517684677743548 0.7765559674050772 0.11592473535153891
0.5870103464649106 0.8041465850508898 0.24613411008688668 0.38656550990944794 0.44662109271930805 0.2922233758540833
0.8673456843614813 0.3032206793018929 0.36731483913776874 0.7377216626803097 0.841897633091736 0.24049794153598059
0.14406372077036766 0.9829712880015855 0.873817208173154 0.9501452629647809 0.1207626770868877 0.23341275230895764
0.9645528673078505 0.4046904346992366 0.938294864142644 0.28622205828367275 0.031383177844480414 0.4719040430539633
0.9910829183698869 0.567545135325663 0.1378140287679812 0.7989529784780318 0.008436656029254586 0.4263748049252145
0.24710844149766575 0.9392388715474269 0.909105763934914 0.735610010550727 0.7923735314569708 0.6540656985706581
0.12613888240958626 0.3531313692030673 0.42665722707183096 0.8990647136957609 0.2270442296510422 0.7218689488058723
0.7725223444953928 0.36475245036235515 0.763938612362804 0.12850709183124132 0.23713690755028427 0.6151861700534034
0.6427514221760532 0.8612206129339958 0.9329996623366837 0.17932743805579243 0.9951200139916312 0.27599853547473696
0.5714450562339783 0.4492504879400353 0.8146566825110405 0.24059394822257574 0.528785293208148 0.987169418682614
0.8935458839571045 0.5171790450060092 0.35652205114414015 0.26352809246623465 0.4121521044102098 0.3869650757881504
