0.21203849713548228 0.5340164263077443 0.8914501836766129 0.17708216146740152 0.3156725462818115 0.28345615983415395
0.09773161878844805 0.877078738368067 0.4506083504969758 0.6941601374000329 0.19270525462335797 0.25515105057669585
0.7510232145963935 0.5159494126111012 0.8063631554875308 0.5573289517797132 0.8068189981746141 0.2677448839135633
0.12908157778120188 0.6825534545863027 0.6082341710317939 0.920111100172565 0.8968886703388005 0.26620402010032007
0.4004907182409696 0.40508391829805734 0.7592712368789996 0.7504762517037544 0.8360645754073144 0.23519043193154
0.10037017601963472 0.8831330410990984 0.829554822303147 0.1805868890232567 0.20644879984320252 0.4858872575491846
0.21307254437444123 0.8575355816854249 0.27259015108793927 0.4526169958900653 0.600705628923252 0.18342529940435182
0.06554387648083959 0.9953528154839478 0.15955795583447996 0.33654606987119773 0.30951471762322424 0.7133788257014336
0.49902764965823365 0.8583935595692236 0.9921509010039443 0.669888576096629 0.27294689750060064 0.1802633090664768
0.5519051486133792 0.3746787540365917 0.5438552170814656 0.25148474829396295 0.06965911884553666 0.829398720595518
0.30648665053513335 0.6836139682246253 0.7107185947693165 0.1931081590786926 0.16557444606894645 0.14387861403764612
0.8491347239543663 0.10566470395856564 0.534173651769763 0.3408851606036709 0.3515553008126091 0.7570243165438943
0.06640488739609285 0.9412625445570464 0.5228957406308853 0.6778124685279739 0.23171213826234316 0.005115253486283056
0.9793697928474222 0.2049363126244278 0.29933627400501484 0.40226860378496476 0.8427977345887233 0.910456639052035
0.8127169688663631 0.9292405658074214 0.6664006924665598 0.8014826785733644 0.8743454975644824 0.595084321148271
0.7366842119186799 0.41137650142140914 0.509945020147523 0.04109052723303375 0.305253541095018 0.5721683440088099
0.6458912942443691 0.4296124121067256 0.8045057134439829 0.5147271516884367 0.24032097813619846 0.22585221156203938
0.15015209826821618 0.4957359420938249 0.2410539753370824 0.6088501587463218 0.5701694071765334 0.7360684704358995
0.24616035332455488 0.830090626659433 0.5120395938993458 0.6645622638729235 0.36623119853107255 0.045124221159587696
0.3617376324671384 0.2925860362027445 0.8339633671404812 0.4916183585488485 0.7387476864842742 0.5968064325842669
0.16493879589451765 0.6029308290880508 0.8204063788774214 0.6499561539750738 0.6535334246183192 0.4943840074199979
0.5090744122274563 0.30213441671225116 0.13372701936331544 0.05015625774040833 0.11416143974067616 0.036422517094725104
0.789016603884952 0.11620622474052278 0.12038900167124722 0.06783299446834523 0.8338173217918903 0.5898358338079901
0.2306936964515377 0.41730819032235855 0.017916124618939766 0.6203991838890813 0.3078552172222627 0.666067286879997
0.21166676855709643 0.23586111980787783 0.8049232624306323 0.28124148310825514 0.47157306879589045 0.7040425281549024
0.1162585277892284 0.8952733861889776 0.20181977225541214 0.39145454025330917 0.9372809517148597 0.8553625267742873
0.8259754830791557 0.5359058193648983 0.4262291203347873 0.3598091654779614 0.4390013545691045 0.33651114603252064
0.2582366372381226 0.223928911854269 0.8577357637515511 0.4962444620761174 0.8903257505277391 0.8655985194721206
0.10461233783744306 0.4255944030083363 0.01663110724654493 0.6950800770832352 0.11494842674934036 0.8571479847857345
0.12000007718616934 0.509723122808815 0.8265039921370749 0.1357070601993443 0.8395187851829695 0.1319584602436955
0.5203758592188272 0.5566969860040518 0.8918409557134892 0.06659236025655235 0.7555115558443825 0.5753776899314345
0.5607193083297138 0.8200873954333936 0.23065335449856172 0.2021000313056952 0.2615310955914194 0.9814093581449167
0.2156901692785098 0.8662151186887811 0.17386391212471985 0.17086775919826647 0.9633610046851079 0.525411238022292
0.3330463258733497 0.5882742429828534 0.6856038544182999 0.6330134746250339 0.10135472101253995 0.5770536240865308
0.2836005132040159 0.2624923796855152 0.7301501620483652 0.36002695750873626 0.08703395941213898 0.7461386351049215
0.8318004032605509 0.13926272057101552 0.07635761578371802 0.6874512883689169 0.8780891520948484 0.6163347083221618
0.9220179150555992 0.36076604337829077 0.7437184999973404 0.20128007223773225 0.2672131387278882 0.008129440452126158
0.05008077998305338 0.48443856814057107 0.018372935455351458 0.9029230699376141 0.9348319701201607 0.29941446897041735
0.4786570467273671 0.6576678535466985 0.5227739783675848 0.40696717704311736 0.6959312459888227 0.43732323337315715
0.33763841760211777 0.4036687282258795 0.26668103245078134 0.5743639056859231 0.820479976877874 0.7357824811596267
0.6713996215209854 0.016099992599865498 0.935215454473012 0.9999153939333463 0.16018120507556688 0.3055607795069776
0.4187207786916972 0.8921174196948702 0.8882619822684064 0.2647576624119584 0.4632039392752202 0.10445019024464863
0.35306899746092946 0.8311191817543233 0.9584035864840166 0.8742559709816909 0.9675073117074098 0.8831694629137951
0.7067426711563338 0.12418556616424303 0.9993366903195059 0.18474781183225364 0.784008357485103 0.8120476738949434
0.09782672199240394 0.11314165810482901 0.70384476965923 0.9952536789357002 0.7667267656202609 0.7173468082121024
0.4672624669952027 0.9531573379369909 0.37562249453619967 0.8354966598781899 0.7262370039497131 0.4823242938647435
0.21146696872382653 0.7863993768389186 0.8620341846432259 0.7254903509011371 0.9260094014107852 0.8380576204729223
0.9933502582573546 0.8734676207687038 0.21527487891309816 0.7415214360584345 0.5642829159717724 0.15404963147899453
0.5454623614494126 0.38868685359804744 0.4616648615916724 0.5099065903894123 0.6879512082407874 0.8024800809912632
0.7466397863704158 0.5942896893866975 0.01009055778295187 0.24973863956972575 0.4899664629410979 0.9584008801326726
0.9384970682957801 0.44364875429359174 0.3823029820967728 0.6079718499423109 0.5278310183520665 0.43037274103523904
0.8430695581674731 0.2137372596509598 0.8955808632808706 0.5319935120805492 0.7172693688649653 0.5304267101712697
0.08932454090726161 0.12260933239451888 0.27310833585469874 0.00019460959918948806 0.32554694519990124 0.37186621403605735
0.20407071066347915 0.28393879331426375 0.4171266327987634 0.049178627692439525 0.6217119914097061 0.6490734016693522
0.3032924268730569 0.05403919079495567 0.970009924155861 0.6912598656904185 0.04168340189180586 0.42942749266460123
0.9170412388393107 0.3240373271772846 0.8088627001054874 0.327811586352874 0.6860203320241514 0.3597650386758171
0.3625070730422224 0.019071039525059286 0.36219349884531726 0.993368049487335 0.5158275442478668 0.8577518214068082
0.3292108719700516 0.44536753877876845 0.33822235054644134 0.7406370716702227 0.698967764484888 0.2547957350034239
0.44157292180248786 0.7678065336804287 0.26038181196501475 0.5233115152835867 0.2767802024345988 0.6402039720411729
0.632458046661833 0.3880163482801947 0.36120909263819034 0.8659576901249533 0.783484966625853 0.38209566286275354
0.44242557463938925 0.6905841294140899 0.49726364885038454 0.44513515107288326 0.8520418143493347 0.787669471307078
0.7259061913717662 0.15160844421130215 0.298020111500355 0.5820790019733073 0.19891220309115842 0.44786192097417166
0.45321772581971675 0.4343896021395488 0.029298326176244394 0.5304993011414739 0.8999967672415887 0.02203477038537416
0.4765638796095478 0.3608066322234299 0.6401539757692017 0.02073346140420207 0.5243077176745387 0.38843314227757375
0.31413960429495225 0.8515200956808919 0.14115114615218838 0.07501158580292366 0.8502671672312838 0.4005932313603192
0.6785318959928596 0.15042214380639218 0.5360937956700064 0.8013567042454318 0.7467985815907933 0.7959866976480218
0.31133502233241006 0.7264784724013889 0.9757486462306113 0.9009180606728269 0.9034753398314425 0.022184739527398856
0.3173711365677657 0.9612159151827244 0.7994479564994937 0.9197656925496782 0.32401375498637697 0.936898821320986
0.34614284658383176 0.7658693039845597 0.054779638632041605 0.7900455305258411 0.4387456942826131 0.1349193187082618
0.6500326037603223 0.7200717718106794 0.9112970419924761 0.9475675006265369 0.31993923248484724 0.8888425179217644
0.7684079087159558 0.46322629535442816 0.6399014403800932 0.7909780030559764 0.5798107429324828 0.28541553205686776
0.9630716444374241 0.751801805071661 0.9452177015120284 0.6844931420712789 0.365183710515271 0.06851522686941758
0.6423089812593652 0.2290231551710683 0.4241574226989159 0.6955840650653571 0.670415497543162 0.7056196061261469
0.3292534207019596 0.12736445108237637 0.5478094577582244 0.5653734262394835 0.5041137046791204 0.36702548145503244
0.27901444696631406 0.6683759836070344 0.866903210817391 0.9744378861401267 0.9631126856574891 0.19788584243068386
0.29513421875592893 0.24818436717973735 0.44174944343370004 0.011464898733787976 0.08979329571114147 0.5862450064092748
0.46437683811559416 0.3848719466951638 0.23097079395736764 0.5312580080465682 0.8175552249406666 0.835596448259485
0.9477002711659103 0.6192498442250259 0.5963500240458474 0.6095566117451958 0.37040089428314893 0.017535154813258957
0.7511801763025496 0.40112742643849264 0.31725998076411455 0.45087369648143416 0.04289427573141036 0.006313502290191342
0.8816017143792405 0.856587234907673 0.7451978457926561 0.5455243839626123 0.21434669394599581 0.3606463007818541
0.9063852535841502 0.5641003834746041 0.9863527706019842 0.19222963791800562 0.4722886736301193 0.2717586123887872
0.03356152183034189 0.11546693613766357 0.6495592788832255 0.27198015471885606 0.7957789784162883 0.7435845544057589
0.7227391275941778 0.03551095843801866 0.1900135688634914 0.13405742064623405 0.8903348394156703 0.4545631254264374
0.8798785897897944 0.3653607444357637 0.4081889299646084 0.6133548224352421 0.3782036129168127 0.6532481368404173
0.13378121581417524 0.8173164027072077 0.9297588955794116 0.2823831301140771 0.2851376209656147 0.30747856105685
0.11014269286867329 0.7500115415715151 0.7357341898940108 0.5236395807803386 0.27569268551386017 0.4420376545570651
0.13109294394336113 0.2490763160320716 0.2647468590174574 0.025304107756183414 0.5714398809973503 0.8085322735157069
0.8129301643318335 0.8318697649517758 0.5925895120765842 0.7742187467501691 0.2963636104762729 0.1336570947929926
0.6302936108062149 0.8522909951402513 0.16612529069732906 0.508570399773345 0.36570427781683146 0.3060577721215443
0.7543239523761636 0.10021333516897757 0.5895519910381728 0.5478015351925218 0.2332943177692718 0.44012592262941774
0.6671980890491801 0.2762307283630058 0.6768884648843467 0.06661711089031208 0.034255043403093266 0.6415131417240226
0.47502790863233935 0.5967554423957558 0.3986736333045433 0.17297883317250673 0.6243109400008123 0.21555869926641547
0.345622726421265 0.7732146306406108 0.1257188765191316 0.2098100001348323 0.18779716366769894 0.3284467206739353
0.4636607758920047 0.46947095366983105 0.13454613040081198 0.965758481351 0.5388331485235689 0.5828574974322329
0.9453744561305449 0.08799677825908081 0.7371387115390627 0.9133524149336583 0.9416742790082925 0.5426729012634179
0.9282441532917391 0.9594355889251345 0.13279621098645733 0.5545011004147085 0.5644697387006593 0.8693732341063217
0.6690148651922693 0.016561652987335918 0.3740713460452678 0.29255208486723683 0.9181407513540719 0.5726845873964522
0.2108179953246333 0.8600978962491781 0.723383794115752 0.42618489011454563 0.0021963012649101055 0.9088169756140357
0.3472267888637284 0.7072422384781829 0.04668464257170735 0.8210029914145878 0.5196354584966291 0.22484492741681417
0.41640674931891053 0.0010341437133153386 0.7778154694551754 0.11285834351002866 0.45394937750895004 0.2138763478070197
